array([[[ 31, 494]], 
        [[127, 341]],
        [[237, 359]], 
        [[156, 522]]]), 
        
array([[[194, 532]], 
        [[236, 433]],
        [[488, 447]],
        [[496, 552]]])

array([[[ 31, 494]],
       [[127, 341]],
       [[237, 359]],
       [[156, 522]]]), 
       
array([[[194, 532]],
       [[236, 433]],
       [[488, 447]],
       [[496, 552]]]),

array([[[557, 550]],
       [[543, 437]],
       [[734, 402]],
       [[784, 504]]])

array([[[ 31, 494]],
       [[127, 341]],
       [[237, 359]],
       [[156, 522]]]), 
       
array([[[194, 532]],
       [[236, 433]],
       [[488, 447]],
       [[496, 552]]]), 
       
array([[[557, 550]],
       [[543, 437]],
       [[734, 402]],
       [[784, 504]]]), 
       
array([[[203, 264]],
       [[236, 201]],
       [[297, 205]],
       [[276, 263]]])

array([[[ 31, 494]],
       [[127, 341]],
       [[237, 359]],
       [[156, 522]]]), 
       
array([[[194, 532]],
       [[236, 433]],
       [[488, 447]],
       [[496, 552]]]), 
       
array([[[557, 550]],
       [[543, 437]],
       [[734, 402]],
       [[784, 504]]]), 
       
array([[[203, 264]],
       [[236, 201]],
       [[297, 205]],
       [[276, 263]]]), 
       
array([[[289, 259]],
       [[317, 187]],
       [[382, 188]],
       [[379, 265]]])

array([[[ 31, 494]],
       [[127, 341]],
       [[237, 359]],
       [[156, 522]]]), 
       
array([[[194, 532]],
       [[236, 433]],
       [[488, 447]],
       [[496, 552]]]), 
       
array([[[557, 550]],
       [[543, 437]],
       [[734, 402]],
       [[784, 504]]]), 
       
array([[[203, 264]],
       [[236, 201]],
       [[297, 205]],
       [[276, 263]]]), 
       
array([[[289, 259]],
       [[317, 187]],
       [[382, 188]],
       [[379, 265]]]), 
       
array([[[388, 262]],
       [[394, 188]],
       [[454, 188]],
       [[464, 249]]])

array([[[ 31, 494]],
       [[127, 341]],
       [[237, 359]],
       [[156, 522]]]), 
       
array([[[194, 532]],
       [[236, 433]],
       [[488, 447]],
       [[496, 552]]]), 
       
array([[[557, 550]],
       [[543, 437]],
       [[734, 402]],
       [[784, 504]]]), 
       
array([[[203, 264]],
       [[236, 201]],
       [[297, 205]],
       [[276, 263]]]), 
       
array([[[289, 259]],
       [[317, 187]],
       [[382, 188]],
       [[379, 265]]]), 
       
array([[[388, 262]],
       [[394, 188]],
       [[454, 188]],
       [[464, 249]]]), 
       
array([[[480, 253]],
       [[471, 186]],
       [[529, 195]],
       [[551, 246]]])

array([[[ 31, 494]],
       [[127, 341]],
       [[237, 359]],
       [[156, 522]]]), 
       
array([[[194, 532]],
       [[236, 433]],
       [[488, 447]],
       [[496, 552]]]), 
       
array([[[557, 550]],
       [[543, 437]],
       [[734, 402]],
       [[784, 504]]]), 
       
array([[[203, 264]],
       [[236, 201]],
       [[297, 205]],
       [[276, 263]]]), 
       
array([[[289, 259]],
       [[317, 187]],
       [[382, 188]],
       [[379, 265]]]), 
       
array([[[388, 262]],
       [[394, 188]],
       [[454, 188]],
       [[464, 249]]]), 
       
array([[[480, 253]],
       [[471, 186]],
       [[529, 195]],
       [[551, 246]]]), 
       
array([[[568, 252]],
       [[547, 197]],
       [[610, 190]],
       [[631, 247]]])